version 2
run ACBuffor-0-20130107-20:43:18-6680
attr configname ACBuffor
attr datetime 20130107-20:43:18
attr experiment ACBuffor
attr inifile omnetpp.ini
attr iterationvars ""
attr iterationvars2 $repetition=0
attr measurement ""
attr network tirtproject.AdmissionControl.ACBuffor
attr processid 6680
attr repetition 0
attr replication #0
attr resultdir results
attr runnumber 0
attr seedset 0

vector 0  ACBuffor.OnOff  "Changes vector"  ETV
attr interpolationmode  none
vector 2  ACBuffor.AC  "Buffor size vector"  ETV
attr interpolationmode  none
vector 1  ACBuffor.AC  "Arrivals AC"  ETV
attr interpolationmode  none
vector 3  ACBuffor.sink  arrivals  ETV
attr interpolationmode  none
0	1	0	1
0	3	0.64944634825	1
0	3	0.64944634825	0
0	8	1.402120461562	0
0	8	1.402120461562	1
0	26	4.00037454741	1
0	35	5.787862210848	1
0	35	5.787862210848	0
0	40	7.828754426759	0
0	43	8.964693368469	0
0	44	10.239921070692	0
0	45	11.112242265734	0
0	46	11.883076924201	0
0	49	12.620904215956	0
0	49	12.620904215956	1
0	55	13.956194400579	1
0	57	14.200242891315	1
0	57	14.200242891315	0
0	58	14.345520918607	0
0	59	14.737291729283	0
0	59	14.737291729283	1
0	61	14.899428218728	1
0	61	14.899428218728	0
0	68	15.150870150802	0
0	69	15.594274179422	0
0	69	15.594274179422	1
0	77	16.983316869213	1
0	77	16.983316869213	0
0	78	17.919378428984	0
0	78	17.919378428984	1
0	80	18.312490986288	1
0	80	18.312490986288	0
0	81	18.889815297094	0
0	81	18.889815297094	1
0	95	23.34431214327	1
0	97	23.972253724261	1
0	97	23.972253724261	0
0	98	24.252530732739	0
0	98	24.252530732739	1
0	102	24.425658188885	1
0	104	24.542613598677	1
0	106	24.924169442051	1
0	106	24.924169442051	0
0	114	26.430804775323	0
0	119	27.405906709479	0
0	120	27.988785098345	0
0	123	28.116841863656	0
0	124	28.772488148019	0
0	125	29.939361674567	0
0	125	29.939361674567	1
0	133	32.063598871568	1
0	135	32.896442387634	1
0	143	34.899682910141	1
0	147	35.757578551215	1
0	147	35.757578551215	0
0	152	38.406834479891	0
0	159	40.254162130892	0
0	160	40.412503637122	0
0	161	40.727225297976	0
0	161	40.727225297976	1
0	170	42.055983171726	1
0	170	42.055983171726	0
0	173	43.46700758102	0
0	174	43.971351387607	0
0	174	43.971351387607	1
0	184	46.235084963467	1
0	184	46.235084963467	0
0	191	50.07809154671	0
0	192	50.58040234497	0
0	197	51.544855910463	0
0	197	51.544855910463	1
0	199	51.903783126332	1
0	199	51.903783126332	0
0	202	52.983103324987	0
0	202	52.983103324987	1
0	204	53.325702949685	1
0	204	53.325702949685	0
0	207	54.288078005456	0
0	208	54.848039075529	0
0	209	54.993613053976	0
0	209	54.993613053976	1
0	211	55.347837186221	1
0	211	55.347837186221	0
0	216	56.191725658811	0
0	219	59.664261138093	0
0	222	60.228871639213	0
0	222	60.228871639213	1
0	224	60.801333190641	1
0	224	60.801333190641	0
0	231	63.026247847866	0
0	232	63.131129683466	0
0	232	63.131129683466	1
0	239	64.383737208377	1
0	239	64.383737208377	0
0	242	65.893560663986	0
0	242	65.893560663986	1
0	248	67.895547159511	1
0	248	67.895547159511	0
0	249	67.967222543823	0
0	249	67.967222543823	1
0	255	69.162661110105	1
0	255	69.162661110105	0
0	256	69.766960181952	0
0	259	71.047294385764	0
0	260	71.064062151756	0
0	261	71.326391460922	0
0	264	72.77418554291	0
0	275	75.658797295012	0
0	275	75.658797295012	1
0	283	77.734828355454	1
0	285	77.767185160099	1
0	287	77.94714250165	1
0	287	77.94714250165	0
0	293	78.918624659744	0
0	293	78.918624659744	1
0	295	79.779548296424	1
0	295	79.779548296424	0
0	306	84.658681184417	0
0	306	84.658681184417	1
0	316	88.173159864953	1
0	316	88.173159864953	0
0	317	88.842273588642	0
0	317	88.842273588642	1
0	327	90.970943683173	1
0	331	91.168911418506	1
0	331	91.168911418506	0
0	332	91.238529089579	0
0	332	91.238529089579	1
0	341	92.376067595119	1
0	347	93.145187396215	1
0	347	93.145187396215	0
0	350	93.754020309952	0
0	350	93.754020309952	1
0	358	96.122938480788	1
0	360	96.606576868277	1
0	366	97.49407879676	1
0	366	97.49407879676	0
0	369	97.867842090576	0
0	369	97.867842090576	1
0	373	98.422012919624	1
0	373	98.422012919624	0
0	376	100.587776600498	0
0	376	100.587776600498	1
0	382	101.72683425117	1
0	382	101.72683425117	0
0	389	103.849580905111	0
0	390	104.402419275762	0
0	390	104.402419275762	1
0	392	104.871095751738	1
0	392	104.871095751738	0
0	395	105.493925061502	0
0	396	105.819141079478	0
0	396	105.819141079478	1
0	398	106.70292673551	1
0	398	106.70292673551	0
0	403	108.696965936786	0
0	406	109.915965281967	0
0	406	109.915965281967	1
0	410	110.538002201048	1
0	410	110.538002201048	0
0	415	111.818426555026	0
0	416	113.192769569446	0
0	416	113.192769569446	1
0	418	113.289937247813	1
0	420	113.535135340455	1
0	428	114.918451806606	1
0	432	115.25660652145	1
0	434	115.362293695554	1
0	434	115.362293695554	0
0	435	115.378859789975	0
0	435	115.378859789975	1
0	446	118.031418305495	1
0	448	118.696226055046	1
0	457	122.490249838133	1
0	457	122.490249838133	0
0	458	125.326890031508	0
0	463	126.932348794575	0
0	468	127.246346692638	0
0	469	127.774813920939	0
0	470	129.501447300681	0
0	471	129.711980588885	0
0	472	129.840560826161	0
0	473	133.78819409372	0
0	474	134.309272914804	0
0	474	134.309272914804	1
0	476	135.151409217641	1
0	476	135.151409217641	0
0	487	138.391372184541	0
0	487	138.391372184541	1
0	489	139.153795868755	1
0	489	139.153795868755	0
0	492	139.517038087656	0
0	493	141.661423552169	0
0	493	141.661423552169	1
0	495	141.949936262517	1
0	495	141.949936262517	0
0	500	143.064823684424	0
0	500	143.064823684424	1
0	502	143.961152889444	1
0	507	144.608327593487	1
0	509	144.912299152715	1
0	512	145.521363608038	1
0	512	145.521363608038	0
0	517	146.671104995787	0
0	517	146.671104995787	1
0	525	148.585947253429	1
0	529	149.779960624024	1
0	533	151.288175855651	1
0	533	151.288175855651	0
0	534	152.790588649361	0
0	534	152.790588649361	1
0	536	153.090913729646	1
0	536	153.090913729646	0
0	537	153.55902018288	0
0	537	153.55902018288	1
0	541	154.444780828909	1
0	541	154.444780828909	0
0	544	154.763364676788	0
0	544	154.763364676788	1
0	550	155.226754704327	1
0	553	155.789579906144	1
0	553	155.789579906144	0
0	559	156.502964188944	0
0	560	157.271217530811	0
0	560	157.271217530811	1
0	564	158.415012909929	1
0	564	158.415012909929	0
0	565	158.740183780417	0
0	565	158.740183780417	1
0	567	158.878137012346	1
0	567	158.878137012346	0
0	568	159.376829345216	0
0	568	159.376829345216	1
0	574	162.509658834762	1
0	574	162.509658834762	0
0	575	162.716844017013	0
0	575	162.716844017013	1
0	583	165.060083947105	1
0	583	165.060083947105	0
0	584	165.615742860263	0
0	584	165.615742860263	1
0	588	166.256716405526	1
0	591	166.625299345136	1
0	593	166.890392446542	1
0	593	166.890392446542	0
0	597	167.590418082657	0
0	600	169.540394994503	0
0	601	170.151452555788	0
0	601	170.151452555788	1
0	605	173.185395128185	1
0	607	174.042830230798	1
0	613	175.761899542586	1
0	613	175.761899542586	0
0	622	178.157079331975	0
0	623	178.654288618317	0
0	623	178.654288618317	1
0	625	179.413253392565	1
0	631	181.279893862745	1
0	633	182.048356440136	1
0	639	183.188635317055	1
0	639	183.188635317055	0
0	640	184.128137302918	0
0	641	184.23180813956	0
0	642	184.8372419212	0
0	642	184.8372419212	1
0	646	185.232807521595	1
0	649	185.952452419283	1
0	654	186.242725834406	1
0	656	186.492676651055	1
0	658	186.784622722783	1
0	658	186.784622722783	0
0	659	186.925098439738	0
0	660	186.937207684799	0
0	662	187.059922692115	0
0	671	190.719484810576	0
0	676	192.248423681287	0
0	676	192.248423681287	1
0	678	192.800225802925	1
0	682	193.358552592189	1
0	688	195.087672229871	1
0	690	195.62357102521	1
0	692	196.070710927807	1
0	692	196.070710927807	0
0	697	197.834798319995	0
0	697	197.834798319995	1
0	701	200.424624465492	1
0	703	200.471723736547	1
0	703	200.471723736547	0
0	704	200.736506009885	0
0	707	201.165013614064	0
0	716	204.17998188625	0
0	716	204.17998188625	1
0	718	204.648860041877	1
0	724	205.788655448541	1
0	726	205.977220172792	1
0	726	205.977220172792	0
0	727	206.573770089668	0
0	730	206.936848929852	0
0	730	206.936848929852	1
0	734	208.764375197668	1
0	734	208.764375197668	0
0	735	209.462312746499	0
0	735	209.462312746499	1
0	739	212.319738094315	1
0	739	212.319738094315	0
0	742	213.324853742887	0
0	742	213.324853742887	1
0	748	214.555572593917	1
0	748	214.555572593917	0
0	749	214.629078971335	0
0	749	214.629078971335	1
0	751	214.975512298829	1
0	751	214.975512298829	0
0	752	215.140805311149	0
0	757	216.331786764545	0
0	757	216.331786764545	1
0	761	217.22883977865	1
0	761	217.22883977865	0
0	764	219.499549886046	0
0	765	220.366841904876	0
0	765	220.366841904876	1
0	773	224.086250215775	1
0	773	224.086250215775	0
0	774	224.457865970602	0
0	775	225.202244231999	0
0	776	226.590921505866	0
0	777	226.996647849732	0
0	782	229.575760980517	0
0	783	230.064869391137	0
0	786	231.038747982616	0
0	787	231.069449755627	0
0	790	232.308486263005	0
0	791	232.316401609511	0
0	791	232.316401609511	1
0	793	232.341234817257	1
0	793	232.341234817257	0
0	796	234.893711310804	0
0	797	234.987466698413	0
0	798	235.508245563283	0
0	798	235.508245563283	1
0	800	236.062514036696	1
0	804	237.035986580341	1
0	808	237.363196961667	1
0	810	237.598602828171	1
0	812	237.721565395058	1
0	816	238.582280102571	1
0	816	238.582280102571	0
0	823	239.356796890505	0
0	826	242.647445720764	0
0	827	242.664461344493	0
0	828	243.245469999952	0
0	828	243.245469999952	1
0	830	243.95842647908	1
0	832	243.987958290243	1
0	842	246.507846984089	1
0	844	247.282460720445	1
0	852	249.46517460973	1
0	858	250.60679013325	1
0	864	254.057800262609	1
0	866	254.438311211171	1
0	866	254.438311211171	0
0	867	254.721383647018	0
0	867	254.721383647018	1
0	872	255.548709570621	1
0	876	255.723619830716	1
0	880	256.634765638786	1
0	880	256.634765638786	0
0	883	256.90663147736	0
0	883	256.90663147736	1
0	885	257.776246838197	1
0	889	257.933918891026	1
0	893	258.342836420272	1
0	893	258.342836420272	0
0	894	258.405859864529	0
0	894	258.405859864529	1
0	902	260.78892813772	1
0	902	260.78892813772	0
0	903	262.135555426256	0
0	906	264.418949460675	0
0	906	264.418949460675	1
0	916	268.307594183444	1
0	916	268.307594183444	0
0	917	268.82379763838	0
0	918	269.096148864734	0
0	919	269.818751102269	0
0	919	269.818751102269	1
0	921	270.277502404915	1
0	925	270.887264577773	1
0	929	271.298965155645	1
0	933	272.197367522081	1
0	933	272.197367522081	0
0	936	272.635106978194	0
0	936	272.635106978194	1
0	940	273.705189467821	1
0	940	273.705189467821	0
0	941	274.761630462002	0
0	941	274.761630462002	1
0	945	275.838020921419	1
0	949	276.344284888501	1
0	949	276.344284888501	0
0	950	276.662054229882	0
0	950	276.662054229882	1
0	952	276.747675023992	1
0	963	278.196996893467	1
0	963	278.196996893467	0
0	964	278.764884586586	0
0	965	279.158101873576	0
0	966	280.033740671666	0
0	967	282.789953749143	0
0	968	284.674818363347	0
0	968	284.674818363347	1
0	976	287.421070233571	1
0	976	287.421070233571	0
0	977	289.711327453471	0
0	977	289.711327453471	1
0	979	289.720298840805	1
0	981	290.409009684761	1
0	981	290.409009684761	0
0	986	291.279089595128	0
0	987	291.555577279229	0
0	987	291.555577279229	1
0	989	291.740733332714	1
0	998	293.70385662227	1
0	998	293.70385662227	0
0	1003	297.122993124956	0
0	1003	297.122993124956	1
0	1005	297.640160052026	1
0	1005	297.640160052026	0
0	1008	298.150672627961	0
0	1008	298.150672627961	1
0	1010	298.282884227789	1
0	1016	299.533832888447	1
0	1022	300.553228076515	1
0	1022	300.553228076515	0
0	1029	302.281487449482	0
0	1029	302.281487449482	1
0	1031	302.800741174362	1
0	1031	302.800741174362	0
0	1034	303.320563119242	0
0	1035	303.707760586483	0
0	1035	303.707760586483	1
0	1037	303.738168580247	1
0	1043	305.074736997569	1
0	1043	305.074736997569	0
0	1044	305.831591314795	0
0	1045	305.920677272285	0
0	1045	305.920677272285	1
0	1051	307.016327142534	1
0	1053	307.781866224808	1
0	1059	308.299789669878	1
0	1066	309.772402532421	1
0	1068	310.239555758881	1
0	1070	310.491695435313	1
0	1070	310.491695435313	0
0	1071	310.575655475346	0
0	1071	310.575655475346	1
0	1073	310.664826557614	1
0	1073	310.664826557614	0
0	1074	310.67355445392	0
0	1075	310.69881557572	0
0	1075	310.69881557572	1
0	1078	310.85463476183	1
0	1082	311.575687166249	1
0	1082	311.575687166249	0
0	1085	311.827561950942	0
0	1085	311.827561950942	1
0	1089	311.884245832099	1
0	1089	311.884245832099	0
0	1092	314.305582478542	0
0	1092	314.305582478542	1
0	1103	316.467987421267	1
0	1107	318.728387868642	1
0	1111	320.777125862215	1
0	1111	320.777125862215	0
0	1112	321.878521940522	0
0	1121	326.248521691949	0
0	1121	326.248521691949	1
0	1125	328.158076710452	1
0	1125	328.158076710452	0
0	1126	328.661502825906	0
0	1127	328.709440025488	0
0	1127	328.709440025488	1
0	1135	332.240681425979	1
0	1141	333.400197391984	1
0	1143	333.955229117298	1
0	1146	334.053828617496	1
0	1146	334.053828617496	0
0	1155	337.89574492096	0
0	1155	337.89574492096	1
0	1157	338.744011730799	1
0	1157	338.744011730799	0
0	1160	340.234260817477	0
0	1160	340.234260817477	1
0	1164	342.537867694106	1
0	1168	343.055896751224	1
0	1170	343.299826421085	1
0	1172	343.481405638745	1
0	1181	346.042199553512	1
0	1183	346.390448187692	1
0	1183	346.390448187692	0
0	1184	346.993926980121	0
0	1187	347.675062258219	0
0	1188	349.180913401299	0
0	1191	351.040319973717	0
0	1198	354.746310611038	0
0	1199	354.860171268343	0
0	1200	355.700004769728	0
0	1201	355.983106598718	0
0	1201	355.983106598718	1
0	1209	358.721129893991	1
0	1213	359.009343061899	1
0	1213	359.009343061899	0
0	1218	360.030175480951	0
0	1219	361.211580879542	0
0	1222	362.432861056447	0
0	1225	364.711170799254	0
0	1225	364.711170799254	1
0	1233	366.180704115123	1
0	1233	366.180704115123	0
0	1234	366.569337681354	0
0	1235	367.514355671965	0
0	1235	367.514355671965	1
0	1237	367.97263023502	1
0	1246	369.268086898946	1
0	1246	369.268086898946	0
0	1247	369.822171043793	0
0	1247	369.822171043793	1
0	1249	370.055684749831	1
0	1249	370.055684749831	0
0	1250	370.148072268586	0
0	1250	370.148072268586	1
0	1254	371.069951526865	1
0	1254	371.069951526865	0
0	1259	372.69396197066	0
0	1259	372.69396197066	1
0	1265	373.993161303092	1
0	1265	373.993161303092	0
0	1277	375.081777476145	0
0	1282	375.691848267421	0
0	1282	375.691848267421	1
0	1284	375.805252989613	1
0	1284	375.805252989613	0
0	1300	377.505376918877	0
0	1300	377.505376918877	1
0	1303	378.032545708573	1
0	1303	378.032545708573	0
0	1306	378.500169785841	0
0	1309	379.225093222149	0
0	1314	381.423858511814	0
0	1317	382.576269531191	0
0	1328	384.740896706867	0
0	1328	384.740896706867	1
0	1330	385.155853289591	1
0	1330	385.155853289591	0
0	1335	386.072676326887	0
0	1335	386.072676326887	1
0	1337	386.369623385668	1
0	1337	386.369623385668	0
0	1342	387.385336058724	0
0	1342	387.385336058724	1
0	1348	388.815555406981	1
0	1352	389.700772251632	1
0	1352	389.700772251632	0
0	1355	391.359365638537	0
0	1358	391.951540442514	0
0	1365	394.416300578935	0
0	1368	394.838704028337	0
0	1368	394.838704028337	1
0	1374	396.848212645037	1
0	1376	397.430393698173	1
0	1380	398.096724574196	1
0	1384	398.691600830087	1
0	1384	398.691600830087	0
0	1389	399.530574113015	0
0	1389	399.530574113015	1
0	1395	401.546391577352	1
0	1395	401.546391577352	0
0	1400	402.534540230517	0
0	1405	403.611198879369	0
0	1406	404.902161584955	0
0	1406	404.902161584955	1
0	1408	405.081872644198	1
0	1408	405.081872644198	0
0	1411	406.461087994935	0
0	1412	407.148962766417	0
0	1412	407.148962766417	1
0	1414	407.240401414458	1
0	1414	407.240401414458	0
0	1421	409.231617054953	0
0	1422	412.131115708629	0
0	1423	412.859529684038	0
0	1423	412.859529684038	1
0	1427	413.668413372655	1
0	1432	414.073486601837	1
0	1432	414.073486601837	0
0	1433	414.178550434738	0
0	1433	414.178550434738	1
0	1437	414.824030205763	1
0	1447	416.538953309863	1
0	1451	418.5302098012	1
0	1453	418.601546807615	1
0	1459	419.824736548165	1
0	1459	419.824736548165	0
0	1460	420.197018331303	0
0	1460	420.197018331303	1
0	1464	421.465090255157	1
0	1466	421.874529567826	1
0	1472	423.175642205687	1
0	1480	424.864120033711	1
0	1480	424.864120033711	0
0	1483	425.288012374035	0
0	1484	425.902292652651	0
0	1484	425.902292652651	1
0	1488	426.291392711055	1
0	1488	426.291392711055	0
0	1489	426.671922421148	0
0	1492	427.330830967985	0
0	1492	427.330830967985	1
0	1494	427.402523186038	1
0	1500	429.515921470321	1
0	1500	429.515921470321	0
0	1501	430.843244442809	0
0	1501	430.843244442809	1
0	1503	431.037435421589	1
0	1513	433.836958190053	1
0	1513	433.836958190053	0
0	1514	434.731158180267	0
0	1514	434.731158180267	1
0	1518	437.278609431158	1
0	1518	437.278609431158	0
0	1521	438.914719171754	0
0	1521	438.914719171754	1
0	1523	438.926965010597	1
0	1523	438.926965010597	0
0	1526	439.316797257114	0
0	1529	441.209388586183	0
0	1529	441.209388586183	1
0	1535	442.398556660689	1
0	1539	443.051920127902	1
0	1539	443.051920127902	0
0	1542	443.938572262509	0
0	1542	443.938572262509	1
0	1546	446.220922827494	1
0	1558	448.750054267461	1
0	1560	448.795025935399	1
0	1571	450.911309783437	1
0	1571	450.911309783437	0
0	1574	451.191521261542	0
0	1599	454.263609901766	0
0	1599	454.263609901766	1
0	1638	460.491042069744	1
0	1638	460.491042069744	0
0	1643	460.566578530653	0
0	1643	460.566578530653	1
0	1650	461.837364650031	1
0	1652	462.268136563109	1
0	1652	462.268136563109	0
0	1655	462.561678966454	0
0	1655	462.561678966454	1
0	1664	464.680748919241	1
0	1664	464.680748919241	0
0	1665	465.448192842278	0
0	1665	465.448192842278	1
0	1671	466.051006746655	1
0	1673	466.407952382938	1
0	1673	466.407952382938	0
0	1679	466.970274807904	0
0	1679	466.970274807904	1
0	1685	467.648794356386	1
0	1685	467.648794356386	0
0	1692	468.0501686316	0
0	1692	468.0501686316	1
0	1694	468.064130699854	1
0	1696	468.725300383977	1
0	1696	468.725300383977	0
0	1700	469.021167591163	0
0	1704	469.393143599588	0
0	1705	469.524006535366	0
0	1705	469.524006535366	1
0	1709	470.180581177849	1
0	1709	470.180581177849	0
0	1710	470.276792672018	0
0	1710	470.276792672018	1
0	1714	470.537217741506	1
0	1714	470.537217741506	0
0	1721	471.693718507661	0
0	1721	471.693718507661	1
0	1726	472.492347338097	1
0	1726	472.492347338097	0
0	1730	472.57931251578	0
0	1730	472.57931251578	1
0	1744	474.931368400851	1
0	1748	475.136485376362	1
0	1748	475.136485376362	0
0	1749	475.25178820022	0
0	1749	475.25178820022	1
0	1751	475.55919635038	1
0	1751	475.55919635038	0
0	1763	479.251870071593	0
0	1768	481.840003737963	0
0	1768	481.840003737963	1
0	1770	481.96815232386	1
0	1770	481.96815232386	0
0	1775	483.374245840926	0
0	1775	483.374245840926	1
0	1781	485.537259039981	1
0	1781	485.537259039981	0
0	1786	486.960153301457	0
0	1797	490.373066564139	0
0	1808	492.020302567172	0
0	1808	492.020302567172	1
0	1810	492.49086704338	1
0	1810	492.49086704338	0
0	1815	493.515670288301	0
0	1815	493.515670288301	1
0	1821	494.774566293453	1
0	1844	498.598291867122	1
0	1844	498.598291867122	0
0	1845	498.879697601485	0
0	1845	498.879697601485	1
0	1849	499.876200541932	1
0	1867	506.087814918319	1
0	1871	508.329989575427	1
0	1877	509.185800895681	1
0	1877	509.185800895681	0
0	1883	510.33694865983	0
0	1884	510.445030967111	0
0	1884	510.445030967111	1
0	1886	510.626900109193	1
0	1888	510.901982422951	1
0	1888	510.901982422951	0
0	1889	511.151121318121	0
0	1889	511.151121318121	1
0	1896	512.387963581203	1
0	1902	513.856048494035	1
0	1902	513.856048494035	0
0	1907	514.029680367823	0
0	1907	514.029680367823	1
0	1909	514.342624221526	1
0	1919	515.953340940293	1
0	1925	517.706679644394	1
0	1927	517.768911861621	1
0	1927	517.768911861621	0
0	1939	520.053581000577	0
0	1950	521.901287620891	0
0	1950	521.901287620891	1
0	1956	522.581697473428	1
0	1963	523.541262451942	1
0	1963	523.541262451942	0
0	1972	526.230681840358	0
0	1972	526.230681840358	1
0	1980	528.119314796792	1
0	1984	530.543512550853	1
0	1984	530.543512550853	0
0	1985	532.16479915354	0
0	1985	532.16479915354	1
0	1987	532.164859725335	1
0	1987	532.164859725335	0
0	1990	533.20674162423	0
0	1993	534.324197825921	0
0	1996	534.682744410527	0
0	1997	536.092788701265	0
0	1998	536.512739412536	0
0	1998	536.512739412536	1
0	2002	538.481073852711	1
0	2002	538.481073852711	0
0	2007	539.539503661113	0
0	2007	539.539503661113	1
0	2013	541.154330455595	1
0	2015	541.262350001612	1
0	2015	541.262350001612	0
0	2020	542.791472235876	0
0	2020	542.791472235876	1
0	2022	542.854297267872	1
0	2022	542.854297267872	0
0	2023	543.014910875823	0
0	2026	544.498858342849	0
0	2027	545.33747704692	0
0	2027	545.33747704692	1
0	2043	549.411968294968	1
0	2043	549.411968294968	0
0	2052	550.88705534224	0
0	2052	550.88705534224	1
0	2057	551.329660216384	1
0	2057	551.329660216384	0
0	2059	551.882791437503	0
0	2066	552.974022354092	0
0	2066	552.974022354092	1
0	2072	553.063722364166	1
0	2072	553.063722364166	0
0	2080	554.062630134076	0
0	2087	555.10201882313	0
0	2087	555.10201882313	1
0	2089	555.326351275577	1
0	2094	555.738600649547	1
0	2094	555.738600649547	0
0	2118	559.671326384197	0
0	2125	561.192669749239	0
0	2126	561.349833171601	0
0	2135	566.29562086579	0
0	2136	566.673989572857	0
0	2139	569.006815890111	0
0	2140	569.974540928233	0
0	2143	570.142237476847	0
0	2146	571.755676382961	0
0	2147	571.863614457788	0
0	2150	572.209176194501	0
0	2150	572.209176194501	1
0	2152	572.359703515457	1
0	2152	572.359703515457	0
0	2153	572.761071478451	0
0	2154	572.813473877255	0
0	2154	572.813473877255	1
0	2158	573.215847088536	1
0	2160	573.601989513973	1
0	2160	573.601989513973	0
0	2165	576.53582121178	0
0	2166	576.992284825805	0
0	2166	576.992284825805	1
0	2168	577.017365795367	1
0	2168	577.017365795367	0
0	2169	577.035294229743	0
0	2180	580.208855362437	0
0	2181	582.366131831186	0
0	2182	583.832142924633	0
0	2183	585.076488002483	0
0	2183	585.076488002483	1
0	2185	585.131719087052	1
0	2187	585.6362690151	1
0	2189	585.819513979846	1
0	2200	587.544946004554	1
0	2202	587.559300042521	1
0	2202	587.559300042521	0
0	2207	589.598352875192	0
0	2208	589.989992476338	0
0	2208	589.989992476338	1
0	2214	591.541938241421	1
0	2214	591.541938241421	0
0	2215	591.719213428983	0
0	2216	591.804315109054	0
0	2217	592.524185634829	0
0	2217	592.524185634829	1
0	2219	592.774353264168	1
0	2219	592.774353264168	0
0	2220	593.038731001339	0
0	2220	593.038731001339	1
0	2224	593.78510311342	1
0	2224	593.78510311342	0
0	2227	594.056286222961	0
0	2228	594.756355868686	0
0	2228	594.756355868686	1
0	2230	594.974977344303	1
0	2230	594.974977344303	0
0	2231	595.002428941974	0
0	2232	595.090362287279	0
0	2232	595.090362287279	1
0	2236	595.81835224412	1
0	2236	595.81835224412	0
0	2239	596.858197425699	0
0	2239	596.858197425699	1
0	2241	597.495355217122	1
0	2241	597.495355217122	0
0	2242	597.496072435017	0
0	2242	597.496072435017	1
0	2244	597.846895925085	1
0	2244	597.846895925085	0
0	2251	598.798042438714	0
1	6	1	1
1	10	2	1
1	14	2.402120461562	1
1	16	3	1
1	22	4	1
1	29	5	1
1	33	5.00037454741	1
1	36	6	1
1	41	8	1
1	51	13	1
1	53	13.620904215956	1
1	62	14.956194400579	1
1	73	16	1
1	75	16.594274179422	1
1	83	18.919378428984	1
1	87	19.889815297094	1
1	89	20	1
1	93	23	1
1	100	24.34431214327	1
1	108	25.425658188885	1
1	110	25.542613598677	1
1	117	27	1
1	121	28	1
1	127	30.939361674567	1
1	131	32	1
1	137	33.063598871568	1
1	139	33.896442387634	1
1	145	35	1
1	148	35.899682910141	1
1	153	39	1
1	164	41	1
1	166	41.727225297976	1
1	171	43	1
1	178	44.971351387607	1
1	180	45	1
1	185	47	1
1	193	51	1
1	194	51	1
1	200	52.544855910463	1
1	205	53.983103324987	1
1	212	55.993613053976	1
1	217	57	1
1	225	61	1
1	227	61.228871639213	1
1	237	64.131129683466	1
1	240	65	1
1	244	66.893560663986	1
1	251	68	1
1	253	68.967222543823	1
1	262	72	1
1	269	74	1
1	273	75	1
1	277	76	1
1	279	76.658797295012	1
1	289	78.734828355454	1
1	291	78.767185160099	1
1	296	79.918624659744	1
1	302	82	1
1	303	82	1
1	310	85.658681184417	1
1	312	86	1
1	319	89	1
1	323	89.842273588642	1
1	325	90	1
1	335	92	1
1	339	92.238529089579	1
1	343	93	1
1	348	93.376067595119	1
1	352	94	1
1	354	94.754020309952	1
1	367	97.606576868277	1
1	371	98	1
1	374	98.867842090576	1
1	380	101.587776600498	1
1	385	102	1
1	387	103	1
1	393	105.402419275762	1
1	399	106.819141079478	1
1	404	109	1
1	411	110.915965281967	1
1	413	111	1
1	426	114.535135340455	1
1	430	115	1
1	438	116.25660652145	1
1	440	116.378859789975	1
1	444	118	1
1	453	119.696226055046	1
1	455	120	1
1	464	127	1
1	465	127	1
1	477	135.309272914804	1
1	483	137	1
1	485	138	1
1	490	139.391372184541	1
1	496	142.661423552169	1
1	505	144.064823684424	1
1	513	145.608327593487	1
1	515	145.912299152715	1
1	521	147.671104995787	1
1	523	148	1
1	527	149.585947253429	1
1	531	150.779960624024	1
1	539	153.790588649361	1
1	542	154.55902018288	1
1	555	156	1
1	557	156.226754704327	1
1	562	158.271217530811	1
1	570	159.740183780417	1
1	572	160.376829345216	1
1	577	163.716844017013	1
1	581	165	1
1	595	167.256716405526	1
1	598	167.625299345136	1
1	603	171.151452555788	1
1	609	174.185395128185	1
1	611	175.042830230798	1
1	618	177	1
1	620	178	1
1	627	179.654288618317	1
1	629	180.413253392565	1
1	635	182.279893862745	1
1	637	183.048356440136	1
1	652	186.232807521595	1
1	663	187.242725834406	1
1	665	187.492676651055	1
1	669	189	1
1	674	192	1
1	680	193.248423681287	1
1	684	193.800225802925	1
1	686	194.358552592189	1
1	693	196.087672229871	1
1	695	196.62357102521	1
1	699	198.834798319995	1
1	708	201.424624465492	1
1	712	202	1
1	714	203	1
1	720	205.17998188625	1
1	722	205.648860041877	1
1	728	206.788655448541	1
1	732	207.936848929852	1
1	737	210.462312746499	1
1	744	214	1
1	746	214.324853742887	1
1	753	215.629078971335	1
1	759	217	1
1	762	217.331786764545	1
1	767	221.366841904876	1
1	771	224	1
1	780	229	1
1	788	232	1
1	794	233.316401609511	1
1	802	236.508245563283	1
1	806	237.062514036696	1
1	817	238.598602828171	1
1	819	238.721565395058	1
1	824	240	1
1	838	244.987958290243	1
1	840	245	1
1	846	247.507846984089	1
1	848	248.282460720445	1
1	854	250	1
1	856	250.46517460973	1
1	860	251.60679013325	1
1	870	255.057800262609	1
1	874	255.721383647018	1
1	878	256.548709570621	1
1	881	256.723619830716	1
1	887	257.90663147736	1
1	898	259	1
1	900	259.405859864529	1
1	908	265	1
1	910	265.418949460675	1
1	914	267	1
1	923	270.818751102269	1
1	927	271.277502404915	1
1	931	271.887264577773	1
1	934	272.298965155645	1
1	938	273.635106978194	1
1	943	275.761630462002	1
1	959	277.747675023992	1
1	961	278	1
1	972	285.674818363347	1
1	974	286	1
1	982	290.711327453471	1
1	984	290.720298840805	1
1	994	292.740733332714	1
1	996	293	1
1	1001	296	1
1	1006	298.122993124956	1
1	1012	299.150672627961	1
1	1014	299.282884227789	1
1	1020	300.533832888447	1
1	1025	301	1
1	1027	302	1
1	1032	303.281487449482	1
1	1039	304.707760586483	1
1	1041	304.738168580247	1
1	1047	306.920677272285	1
1	1062	309	1
1	1064	309.299789669878	1
1	1083	311.69881557572	1
1	1087	311.85463476183	1
1	1090	312.827561950942	1
1	1099	316	1
1	1100	316	1
1	1105	317.467987421267	1
1	1109	319.728387868642	1
1	1115	323	1
1	1119	326	1
1	1123	327.248521691949	1
1	1129	329.709440025488	1
1	1133	332	1
1	1139	333.240681425979	1
1	1147	334.400197391984	1
1	1149	334.955229117298	1
1	1153	337	1
1	1158	338.89574492096	1
1	1162	341.234260817477	1
1	1177	344.299826421085	1
1	1179	344.481405638745	1
1	1185	347.042199553512	1
1	1194	352	1
1	1196	353	1
1	1203	356.983106598718	1
1	1207	358	1
1	1214	359.721129893991	1
1	1216	360	1
1	1223	363	1
1	1229	365.711170799254	1
1	1231	366	1
1	1242	368.97263023502	1
1	1244	369	1
1	1252	370.822171043793	1
1	1255	371.148072268586	1
1	1261	373	1
1	1263	373.69396197066	1
1	1273	375	1
1	1278	375.5	1
1	1292	377	1
1	1296	377.5	1
1	1304	378.5	1
1	1307	378.505376918877	1
1	1312	380.5	1
1	1320	383.5	1
1	1324	384	1
1	1326	384.5	1
1	1333	385.740896706867	1
1	1338	386.5	1
1	1340	387.072676326887	1
1	1344	388.385336058724	1
1	1350	389.5	1
1	1353	389.815555406981	1
1	1361	392.5	1
1	1363	393	1
1	1370	395.5	1
1	1372	395.838704028337	1
1	1378	397.848212645037	1
1	1382	398.430393698173	1
1	1385	399.096724574196	1
1	1391	400.5	1
1	1393	400.530574113015	1
1	1401	403	1
1	1403	403.5	1
1	1409	405.902161584955	1
1	1417	408.148962766417	1
1	1419	408.5	1
1	1430	414	1
1	1435	414.668413372655	1
1	1439	415.178550434738	1
1	1443	415.824030205763	1
1	1445	416.5	1
1	1449	417.538953309863	1
1	1455	419.5302098012	1
1	1457	419.601546807615	1
1	1462	421.197018331303	1
1	1468	422.465090255157	1
1	1470	422.874529567826	1
1	1476	424.175642205687	1
1	1478	424.5	1
1	1486	426	1
1	1490	426.902292652651	1
1	1496	428.330830967985	1
1	1498	428.402523186038	1
1	1505	431.843244442809	1
1	1507	432.037435421589	1
1	1511	433.5	1
1	1516	435.731158180267	1
1	1524	439	1
1	1527	439.914719171754	1
1	1533	442.209388586183	1
1	1537	442.5	1
1	1540	443.398556660689	1
1	1544	444.938572262509	1
1	1550	447.220922827494	1
1	1552	447.5	1
1	1556	448.5	1
1	1565	449.795025935399	1
1	1567	450.5	1
1	1575	451.5	1
1	1579	452	1
1	1583	452.5	1
1	1593	454	1
1	1594	454	1
1	1607	455.5	1
1	1609	456	1
1	1615	457	1
1	1617	457.5	1
1	1623	458.5	1
1	1627	459	1
1	1634	460	1
1	1639	460.5	1
1	1646	461.5	1
1	1648	461.566578530653	1
1	1658	463.5	1
1	1660	463.561678966454	1
1	1667	465.5	1
1	1675	466.5	1
1	1686	467.970274807904	1
1	1688	468	1
1	1702	469.064130699854	1
1	1707	470	1
1	1712	470.524006535366	1
1	1717	471.276792672018	1
1	1740	474	1
1	1741	474	1
1	1753	476	1
1	1755	476.25178820022	1
1	1759	478	1
1	1764	480	1
1	1771	482	1
1	1773	482.840003737963	1
1	1777	484.374245840926	1
1	1782	486	1
1	1787	487	1
1	1791	488	1
1	1795	490	1
1	1802	492	1
1	1803	492	1
1	1811	493	1
1	1813	493.020302567172	1
1	1819	494.515670288301	1
1	1823	495	1
1	1830	496	1
1	1834	496.5	1
1	1836	497	1
1	1840	498	1
1	1847	499	1
1	1851	499.879697601485	1
1	1853	500.876200541932	1
1	1857	502	1
1	1863	506	1
1	1864	506	1
1	1869	507.087814918319	1
1	1879	510	1
1	1880	510	1
1	1892	511.626900109193	1
1	1894	512.151121318121	1
1	1900	513.387963581203	1
1	1903	514	1
1	1915	515.342624221526	1
1	1917	515.5	1
1	1921	516.953340940293	1
1	1931	518.706679644394	1
1	1933	519	1
1	1940	520.5	1
1	1944	521	1
1	1946	521.5	1
1	1952	522.5	1
1	1959	523.5	1
1	1964	523.581697473428	1
1	1966	524.5	1
1	1970	526	1
1	1976	527.230681840358	1
1	1978	527.5	1
1	1982	529.119314796792	1
1	1988	533.16479915354	1
1	1994	534.5	1
1	2000	537.512739412536	1
1	2005	539.5	1
1	2009	540.539503661113	1
1	2016	542	1
1	2018	542.154330455595	1
1	2024	543.791472235876	1
1	2031	546.33747704692	1
1	2033	546.5	1
1	2039	548	1
1	2041	548.5	1
1	2048	550.5	1
1	2060	551.88705534224	1
1	2062	552	1
1	2068	553	1
1	2076	554	1
1	2081	554.5	1
1	2085	555	1
1	2096	556.326351275577	1
1	2098	556.5	1
1	2102	557.5	1
1	2108	558.5	1
1	2112	559	1
1	2116	559.5	1
1	2119	560	1
1	2123	561	1
1	2129	563	1
1	2133	565	1
1	2141	570	1
1	2148	572	1
1	2156	573.209176194501	1
1	2161	573.813473877255	1
1	2163	574.215847088536	1
1	2170	577.992284825805	1
1	2176	579	1
1	2177	579	1
1	2196	586.819513979846	1
1	2198	587	1
1	2203	588.544946004554	1
1	2210	590	1
1	2212	590.989992476338	1
1	2222	593.524185634829	1
1	2225	594.038731001339	1
1	2234	595.756355868686	1
1	2237	596.090362287279	1
1	2245	597.858197425699	1
1	2249	598.496072435017	1
1	2254	599	1
2	6	1	2
2	10	2	2
2	14	2.402120461562	2
2	16	3	1
2	22	4	2
2	28	4.5	3
2	29	5	2
2	33	5.00037454741	2
2	36	6	1
2	41	8	1
2	51	13	2
2	53	13.620904215956	1
2	62	14.956194400579	2
2	71	15.737291729283	4
2	72	16	3
2	73	16	2
2	75	16.594274179422	1
2	83	18.919378428984	2
2	87	19.889815297094	2
2	89	20	1
2	93	23	1
2	100	24.34431214327	2
2	107	25.252530732739	3
2	108	25.425658188885	2
2	110	25.542613598677	1
2	117	27	2
2	121	28	1
2	127	30.939361674567	1
2	131	32	1
2	137	33.063598871568	2
2	139	33.896442387634	1
2	145	35	2
2	148	35.899682910141	1
2	153	39	1
2	163	41	3
2	164	41	2
2	166	41.727225297976	1
2	171	43	1
2	178	44.971351387607	2
2	180	45	1
2	185	47	1
2	193	51	2
2	194	51	1
2	200	52.544855910463	1
2	205	53.983103324987	1
2	212	55.993613053976	1
2	217	57	1
2	225	61	2
2	227	61.228871639213	1
2	236	64	3
2	237	64.131129683466	2
2	240	65	1
2	244	66.893560663986	1
2	251	68	2
2	253	68.967222543823	1
2	262	72	1
2	269	74	2
2	273	75	2
2	277	76	2
2	279	76.658797295012	1
2	288	78	3
2	289	78.734828355454	2
2	291	78.767185160099	1
2	296	79.918624659744	1
2	302	82	2
2	303	82	1
2	310	85.658681184417	2
2	312	86	1
2	319	89	2
2	323	89.842273588642	2
2	325	90	1
2	334	91.970943683173	3
2	335	92	2
2	339	92.238529089579	2
2	343	93	2
2	348	93.376067595119	2
2	352	94	2
2	354	94.754020309952	1
2	364	97	4
2	365	97.122938480788	3
2	367	97.606576868277	2
2	371	98	2
2	374	98.867842090576	1
2	380	101.587776600498	2
2	385	102	2
2	387	103	1
2	393	105.402419275762	1
2	399	106.819141079478	1
2	404	109	1
2	411	110.915965281967	2
2	413	111	1
2	424	114.192769569446	4
2	425	114.289937247813	3
2	426	114.535135340455	2
2	430	115	2
2	437	115.918451806606	3
2	438	116.25660652145	2
2	440	116.378859789975	1
2	444	118	1
2	452	119.031418305495	3
2	453	119.696226055046	2
2	455	120	1
2	464	127	2
2	465	127	1
2	477	135.309272914804	1
2	483	137	2
2	485	138	1
2	490	139.391372184541	1
2	496	142.661423552169	1
2	504	144	3
2	505	144.064823684424	2
2	511	144.961152889444	3
2	513	145.608327593487	2
2	515	145.912299152715	1
2	521	147.671104995787	2
2	523	148	1
2	527	149.585947253429	1
2	531	150.779960624024	1
2	539	153.790588649361	2
2	542	154.55902018288	1
2	552	155.763364676788	4
2	554	156	3
2	555	156	2
2	557	156.226754704327	1
2	562	158.271217530811	1
2	570	159.740183780417	2
2	572	160.376829345216	1
2	577	163.716844017013	1
2	581	165	1
2	590	166.615742860263	3
2	594	167	3
2	595	167.256716405526	2
2	598	167.625299345136	1
2	603	171.151452555788	1
2	609	174.185395128185	2
2	611	175.042830230798	1
2	618	177	2
2	620	178	1
2	627	179.654288618317	2
2	629	180.413253392565	1
2	635	182.279893862745	2
2	637	183.048356440136	1
2	648	185.8372419212	3
2	651	186	3
2	652	186.232807521595	2
2	661	186.952452419283	3
2	663	187.242725834406	2
2	665	187.492676651055	1
2	669	189	1
2	674	192	1
2	680	193.248423681287	2
2	684	193.800225802925	2
2	686	194.358552592189	1
2	693	196.087672229871	2
2	695	196.62357102521	1
2	699	198.834798319995	1
2	708	201.424624465492	2
2	712	202	2
2	714	203	1
2	720	205.17998188625	2
2	722	205.648860041877	1
2	728	206.788655448541	1
2	732	207.936848929852	1
2	737	210.462312746499	1
2	744	214	2
2	746	214.324853742887	1
2	753	215.629078971335	1
2	759	217	2
2	762	217.331786764545	1
2	767	221.366841904876	1
2	771	224	1
2	780	229	1
2	788	232	1
2	794	233.316401609511	1
2	802	236.508245563283	2
2	806	237.062514036696	2
2	814	238.035986580341	4
2	815	238.363196961667	3
2	817	238.598602828171	2
2	819	238.721565395058	1
2	824	240	1
2	836	244.245469999952	4
2	837	244.95842647908	3
2	838	244.987958290243	2
2	840	245	1
2	846	247.507846984089	2
2	848	248.282460720445	1
2	854	250	2
2	856	250.46517460973	1
2	860	251.60679013325	1
2	869	255	3
2	870	255.057800262609	2
2	874	255.721383647018	2
2	878	256.548709570621	2
2	881	256.723619830716	1
2	887	257.90663147736	2
2	896	258.776246838197	4
2	897	258.933918891026	3
2	898	259	2
2	900	259.405859864529	1
2	908	265	2
2	910	265.418949460675	1
2	914	267	1
2	923	270.818751102269	2
2	927	271.277502404915	2
2	931	271.887264577773	2
2	934	272.298965155645	1
2	938	273.635106978194	1
2	943	275.761630462002	1
2	954	276.838020921419	4
2	957	277	4
2	958	277.662054229882	3
2	959	277.747675023992	2
2	961	278	1
2	972	285.674818363347	2
2	974	286	1
2	982	290.711327453471	2
2	984	290.720298840805	1
2	993	292.555577279229	3
2	994	292.740733332714	2
2	996	293	1
2	1001	296	1
2	1006	298.122993124956	1
2	1012	299.150672627961	2
2	1014	299.282884227789	1
2	1020	300.533832888447	2
2	1025	301	2
2	1027	302	1
2	1032	303.281487449482	1
2	1039	304.707760586483	2
2	1041	304.738168580247	1
2	1047	306.920677272285	1
2	1057	308	4
2	1058	308.016327142534	3
2	1061	308.781866224808	3
2	1062	309	2
2	1064	309.299789669878	1
2	1077	310.772402532421	4
2	1080	311.239555758881	4
2	1081	311.575655475346	3
2	1083	311.69881557572	2
2	1087	311.85463476183	2
2	1090	312.827561950942	1
2	1098	315.305582478542	3
2	1099	316	2
2	1100	316	1
2	1105	317.467987421267	1
2	1109	319.728387868642	1
2	1115	323	1
2	1119	326	1
2	1123	327.248521691949	1
2	1129	329.709440025488	1
2	1133	332	1
2	1139	333.240681425979	2
2	1145	334	3
2	1147	334.400197391984	2
2	1149	334.955229117298	1
2	1153	337	1
2	1158	338.89574492096	1
2	1162	341.234260817477	1
2	1174	343.537867694106	5
2	1175	344	4
2	1176	344.055896751224	3
2	1177	344.299826421085	2
2	1179	344.481405638745	1
2	1185	347.042199553512	1
2	1194	352	2
2	1196	353	1
2	1203	356.983106598718	1
2	1207	358	1
2	1214	359.721129893991	2
2	1216	360	1
2	1223	363	1
2	1229	365.711170799254	2
2	1231	366	1
2	1241	368.514355671965	3
2	1242	368.97263023502	2
2	1244	369	1
2	1252	370.822171043793	2
2	1255	371.148072268586	1
2	1261	373	2
2	1263	373.69396197066	1
2	1272	375	3
2	1273	375	2
2	1278	375.5	2
2	1285	376	3
2	1288	376.5	3
2	1291	376.691848267421	3
2	1292	377	2
2	1296	377.5	2
2	1302	378	3
2	1304	378.5	2
2	1307	378.505376918877	1
2	1312	380.5	1
2	1320	383.5	2
2	1324	384	2
2	1326	384.5	1
2	1333	385.740896706867	2
2	1338	386.5	2
2	1340	387.072676326887	1
2	1344	388.385336058724	1
2	1350	389.5	2
2	1353	389.815555406981	1
2	1361	392.5	2
2	1363	393	1
2	1370	395.5	2
2	1372	395.838704028337	1
2	1378	397.848212645037	2
2	1382	398.430393698173	2
2	1385	399.096724574196	1
2	1391	400.5	2
2	1393	400.530574113015	1
2	1401	403	2
2	1403	403.5	1
2	1409	405.902161584955	1
2	1417	408.148962766417	2
2	1419	408.5	1
2	1429	413.859529684038	3
2	1430	414	2
2	1435	414.668413372655	2
2	1439	415.178550434738	2
2	1443	415.824030205763	2
2	1445	416.5	1
2	1449	417.538953309863	1
2	1455	419.5302098012	2
2	1457	419.601546807615	1
2	1462	421.197018331303	1
2	1468	422.465090255157	2
2	1470	422.874529567826	1
2	1476	424.175642205687	2
2	1478	424.5	1
2	1486	426	2
2	1490	426.902292652651	1
2	1496	428.330830967985	2
2	1498	428.402523186038	1
2	1505	431.843244442809	2
2	1507	432.037435421589	1
2	1511	433.5	1
2	1516	435.731158180267	1
2	1524	439	2
2	1527	439.914719171754	1
2	1533	442.209388586183	2
2	1537	442.5	2
2	1540	443.398556660689	1
2	1544	444.938572262509	1
2	1550	447.220922827494	2
2	1552	447.5	1
2	1556	448.5	1
2	1564	449.750054267461	3
2	1565	449.795025935399	2
2	1567	450.5	1
2	1575	451.5	2
2	1579	452	2
2	1583	452.5	2
2	1589	453	3
2	1592	453.5	3
2	1593	454	2
2	1594	454	1
2	1603	455	3
2	1606	455.263609901766	3
2	1607	455.5	2
2	1609	456	1
2	1615	457	2
2	1617	457.5	1
2	1623	458.5	2
2	1627	459	2
2	1633	460	3
2	1634	460	2
2	1639	460.5	2
2	1645	461	3
2	1646	461.5	2
2	1648	461.566578530653	1
2	1657	462.837364650031	3
2	1658	463.5	2
2	1660	463.561678966454	1
2	1667	465.5	2
2	1674	466.448192842278	3
2	1675	466.5	2
2	1683	467.051006746655	4
2	1684	467.5	3
2	1686	467.970274807904	2
2	1688	468	1
2	1697	469	3
2	1701	469.0501686316	3
2	1702	469.064130699854	2
2	1707	470	2
2	1712	470.524006535366	2
2	1717	471.276792672018	2
2	1723	472	3
2	1727	472.5	3
2	1732	472.693718507661	4
2	1735	473	4
2	1738	473.5	4
2	1739	473.57931251578	3
2	1740	474	2
2	1741	474	1
2	1752	475.931368400851	3
2	1753	476	2
2	1755	476.25178820022	1
2	1759	478	1
2	1764	480	1
2	1771	482	2
2	1773	482.840003737963	1
2	1777	484.374245840926	1
2	1782	486	1
2	1787	487	1
2	1791	488	1
2	1795	490	1
2	1802	492	2
2	1803	492	1
2	1811	493	2
2	1813	493.020302567172	1
2	1819	494.515670288301	2
2	1823	495	2
2	1829	495.774566293453	3
2	1830	496	2
2	1834	496.5	2
2	1836	497	1
2	1840	498	1
2	1847	499	2
2	1851	499.879697601485	2
2	1853	500.876200541932	1
2	1857	502	1
2	1863	506	2
2	1864	506	1
2	1869	507.087814918319	1
2	1878	509.329989575427	3
2	1879	510	2
2	1880	510	1
2	1891	511.445030967111	3
2	1892	511.626900109193	2
2	1894	512.151121318121	1
2	1900	513.387963581203	2
2	1903	514	1
2	1913	515	4
2	1914	515.029680367823	3
2	1915	515.342624221526	2
2	1917	515.5	1
2	1921	516.953340940293	1
2	1930	518.5	3
2	1931	518.706679644394	2
2	1933	519	1
2	1940	520.5	2
2	1944	521	2
2	1946	521.5	1
2	1952	522.5	2
2	1958	522.901287620891	3
2	1959	523.5	2
2	1964	523.581697473428	2
2	1966	524.5	1
2	1970	526	1
2	1976	527.230681840358	2
2	1978	527.5	1
2	1982	529.119314796792	1
2	1988	533.16479915354	1
2	1994	534.5	1
2	2000	537.512739412536	1
2	2005	539.5	1
2	2009	540.539503661113	1
2	2016	542	2
2	2018	542.154330455595	1
2	2024	543.791472235876	1
2	2031	546.33747704692	2
2	2033	546.5	1
2	2039	548	2
2	2041	548.5	1
2	2048	550.5	2
2	2054	551	3
2	2058	551.5	3
2	2060	551.88705534224	2
2	2062	552	1
2	2068	553	2
2	2075	553.974022354092	3
2	2076	554	2
2	2081	554.5	2
2	2085	555	2
2	2091	555.5	3
2	2095	556.10201882313	3
2	2096	556.326351275577	2
2	2098	556.5	1
2	2102	557.5	1
2	2108	558.5	2
2	2112	559	2
2	2116	559.5	2
2	2119	560	1
2	2123	561	1
2	2129	563	1
2	2133	565	1
2	2141	570	1
2	2148	572	1
2	2156	573.209176194501	2
2	2161	573.813473877255	2
2	2163	574.215847088536	1
2	2170	577.992284825805	1
2	2176	579	2
2	2177	579	1
2	2193	586.076488002483	5
2	2194	586.131719087052	4
2	2195	586.6362690151	3
2	2196	586.819513979846	2
2	2198	587	1
2	2203	588.544946004554	1
2	2210	590	2
2	2212	590.989992476338	1
2	2222	593.524185634829	2
2	2225	594.038731001339	1
2	2234	595.756355868686	2
2	2237	596.090362287279	1
2	2245	597.858197425699	2
2	2249	598.496072435017	2
2	2254	599	2
3	7	1	1
3	13	2	1
3	15	2.402120461562	1
3	19	3	1
3	25	4	1
3	32	5	1
3	34	5.00037454741	1
3	37	6	1
3	42	8	1
3	52	13	1
3	54	13.620904215956	1
3	63	14.956194400579	1
3	74	16	1
3	76	16.594274179422	1
3	84	18.919378428984	1
3	88	19.889815297094	1
3	90	20	1
3	94	23	1
3	101	24.34431214327	1
3	109	25.425658188885	1
3	111	25.542613598677	1
3	118	27	1
3	122	28	1
3	128	30.939361674567	1
3	132	32	1
3	138	33.063598871568	1
3	140	33.896442387634	1
3	146	35	1
3	149	35.899682910141	1
3	154	39	1
3	165	41	1
3	167	41.727225297976	1
3	172	43	1
3	179	44.971351387607	1
3	181	45	1
3	186	47	1
3	195	51	1
3	196	51	1
3	201	52.544855910463	1
3	206	53.983103324987	1
3	213	55.993613053976	1
3	218	57	1
3	226	61	1
3	228	61.228871639213	1
3	238	64.131129683466	1
3	241	65	1
3	245	66.893560663986	1
3	252	68	1
3	254	68.967222543823	1
3	263	72	1
3	270	74	1
3	274	75	1
3	278	76	1
3	280	76.658797295012	1
3	290	78.734828355454	1
3	292	78.767185160099	1
3	297	79.918624659744	1
3	304	82	1
3	305	82	1
3	311	85.658681184417	1
3	313	86	1
3	322	89	1
3	324	89.842273588642	1
3	326	90	1
3	338	92	1
3	340	92.238529089579	1
3	346	93	1
3	349	93.376067595119	1
3	353	94	1
3	355	94.754020309952	1
3	368	97.606576868277	1
3	372	98	1
3	375	98.867842090576	1
3	381	101.587776600498	1
3	386	102	1
3	388	103	1
3	394	105.402419275762	1
3	400	106.819141079478	1
3	405	109	1
3	412	110.915965281967	1
3	414	111	1
3	427	114.535135340455	1
3	431	115	1
3	439	116.25660652145	1
3	441	116.378859789975	1
3	445	118	1
3	454	119.696226055046	1
3	456	120	1
3	466	127	1
3	467	127	1
3	478	135.309272914804	1
3	484	137	1
3	486	138	1
3	491	139.391372184541	1
3	497	142.661423552169	1
3	506	144.064823684424	1
3	514	145.608327593487	1
3	516	145.912299152715	1
3	522	147.671104995787	1
3	524	148	1
3	528	149.585947253429	1
3	532	150.779960624024	1
3	540	153.790588649361	1
3	543	154.55902018288	1
3	556	156	1
3	558	156.226754704327	1
3	563	158.271217530811	1
3	571	159.740183780417	1
3	573	160.376829345216	1
3	578	163.716844017013	1
3	582	165	1
3	596	167.256716405526	1
3	599	167.625299345136	1
3	604	171.151452555788	1
3	610	174.185395128185	1
3	612	175.042830230798	1
3	619	177	1
3	621	178	1
3	628	179.654288618317	1
3	630	180.413253392565	1
3	636	182.279893862745	1
3	638	183.048356440136	1
3	653	186.232807521595	1
3	664	187.242725834406	1
3	666	187.492676651055	1
3	670	189	1
3	675	192	1
3	681	193.248423681287	1
3	685	193.800225802925	1
3	687	194.358552592189	1
3	694	196.087672229871	1
3	696	196.62357102521	1
3	700	198.834798319995	1
3	709	201.424624465492	1
3	713	202	1
3	715	203	1
3	721	205.17998188625	1
3	723	205.648860041877	1
3	729	206.788655448541	1
3	733	207.936848929852	1
3	738	210.462312746499	1
3	745	214	1
3	747	214.324853742887	1
3	754	215.629078971335	1
3	760	217	1
3	763	217.331786764545	1
3	768	221.366841904876	1
3	772	224	1
3	781	229	1
3	789	232	1
3	795	233.316401609511	1
3	803	236.508245563283	1
3	807	237.062514036696	1
3	818	238.598602828171	1
3	820	238.721565395058	1
3	825	240	1
3	839	244.987958290243	1
3	841	245	1
3	847	247.507846984089	1
3	849	248.282460720445	1
3	855	250	1
3	857	250.46517460973	1
3	861	251.60679013325	1
3	871	255.057800262609	1
3	875	255.721383647018	1
3	879	256.548709570621	1
3	882	256.723619830716	1
3	888	257.90663147736	1
3	899	259	1
3	901	259.405859864529	1
3	909	265	1
3	911	265.418949460675	1
3	915	267	1
3	924	270.818751102269	1
3	928	271.277502404915	1
3	932	271.887264577773	1
3	935	272.298965155645	1
3	939	273.635106978194	1
3	944	275.761630462002	1
3	960	277.747675023992	1
3	962	278	1
3	973	285.674818363347	1
3	975	286	1
3	983	290.711327453471	1
3	985	290.720298840805	1
3	995	292.740733332714	1
3	997	293	1
3	1002	296	1
3	1007	298.122993124956	1
3	1013	299.150672627961	1
3	1015	299.282884227789	1
3	1021	300.533832888447	1
3	1026	301	1
3	1028	302	1
3	1033	303.281487449482	1
3	1040	304.707760586483	1
3	1042	304.738168580247	1
3	1048	306.920677272285	1
3	1063	309	1
3	1065	309.299789669878	1
3	1084	311.69881557572	1
3	1088	311.85463476183	1
3	1091	312.827561950942	1
3	1101	316	1
3	1102	316	1
3	1106	317.467987421267	1
3	1110	319.728387868642	1
3	1116	323	1
3	1120	326	1
3	1124	327.248521691949	1
3	1130	329.709440025488	1
3	1134	332	1
3	1140	333.240681425979	1
3	1148	334.400197391984	1
3	1150	334.955229117298	1
3	1154	337	1
3	1159	338.89574492096	1
3	1163	341.234260817477	1
3	1178	344.299826421085	1
3	1180	344.481405638745	1
3	1186	347.042199553512	1
3	1195	352	1
3	1197	353	1
3	1204	356.983106598718	1
3	1208	358	1
3	1215	359.721129893991	1
3	1217	360	1
3	1224	363	1
3	1230	365.711170799254	1
3	1232	366	1
3	1243	368.97263023502	1
3	1245	369	1
3	1253	370.822171043793	1
3	1256	371.148072268586	1
3	1262	373	1
3	1264	373.69396197066	1
3	1276	375	1
3	1281	375.5	1
3	1295	377	1
3	1299	377.5	1
3	1305	378.5	1
3	1308	378.505376918877	1
3	1313	380.5	1
3	1323	383.5	1
3	1325	384	1
3	1327	384.5	1
3	1334	385.740896706867	1
3	1339	386.5	1
3	1341	387.072676326887	1
3	1345	388.385336058724	1
3	1351	389.5	1
3	1354	389.815555406981	1
3	1362	392.5	1
3	1364	393	1
3	1371	395.5	1
3	1373	395.838704028337	1
3	1379	397.848212645037	1
3	1383	398.430393698173	1
3	1386	399.096724574196	1
3	1392	400.5	1
3	1394	400.530574113015	1
3	1402	403	1
3	1404	403.5	1
3	1410	405.902161584955	1
3	1418	408.148962766417	1
3	1420	408.5	1
3	1431	414	1
3	1436	414.668413372655	1
3	1440	415.178550434738	1
3	1444	415.824030205763	1
3	1446	416.5	1
3	1450	417.538953309863	1
3	1456	419.5302098012	1
3	1458	419.601546807615	1
3	1463	421.197018331303	1
3	1469	422.465090255157	1
3	1471	422.874529567826	1
3	1477	424.175642205687	1
3	1479	424.5	1
3	1487	426	1
3	1491	426.902292652651	1
3	1497	428.330830967985	1
3	1499	428.402523186038	1
3	1506	431.843244442809	1
3	1508	432.037435421589	1
3	1512	433.5	1
3	1517	435.731158180267	1
3	1525	439	1
3	1528	439.914719171754	1
3	1534	442.209388586183	1
3	1538	442.5	1
3	1541	443.398556660689	1
3	1545	444.938572262509	1
3	1551	447.220922827494	1
3	1555	447.5	1
3	1557	448.5	1
3	1566	449.795025935399	1
3	1570	450.5	1
3	1578	451.5	1
3	1582	452	1
3	1586	452.5	1
3	1597	454	1
3	1598	454	1
3	1608	455.5	1
3	1612	456	1
3	1616	457	1
3	1620	457.5	1
3	1624	458.5	1
3	1630	459	1
3	1637	460	1
3	1642	460.5	1
3	1647	461.5	1
3	1649	461.566578530653	1
3	1659	463.5	1
3	1661	463.561678966454	1
3	1670	465.5	1
3	1678	466.5	1
3	1687	467.970274807904	1
3	1691	468	1
3	1703	469.064130699854	1
3	1708	470	1
3	1713	470.524006535366	1
3	1718	471.276792672018	1
3	1742	474	1
3	1743	474	1
3	1754	476	1
3	1756	476.25178820022	1
3	1760	478	1
3	1765	480	1
3	1772	482	1
3	1774	482.840003737963	1
3	1778	484.374245840926	1
3	1785	486	1
3	1790	487	1
3	1792	488	1
3	1796	490	1
3	1806	492	1
3	1807	492	1
3	1812	493	1
3	1814	493.020302567172	1
3	1820	494.515670288301	1
3	1826	495	1
3	1833	496	1
3	1835	496.5	1
3	1839	497	1
3	1843	498	1
3	1848	499	1
3	1852	499.879697601485	1
3	1854	500.876200541932	1
3	1858	502	1
3	1865	506	1
3	1866	506	1
3	1870	507.087814918319	1
3	1881	510	1
3	1882	510	1
3	1893	511.626900109193	1
3	1895	512.151121318121	1
3	1901	513.387963581203	1
3	1906	514	1
3	1916	515.342624221526	1
3	1918	515.5	1
3	1922	516.953340940293	1
3	1932	518.706679644394	1
3	1934	519	1
3	1943	520.5	1
3	1945	521	1
3	1949	521.5	1
3	1955	522.5	1
3	1962	523.5	1
3	1965	523.581697473428	1
3	1967	524.5	1
3	1971	526	1
3	1977	527.230681840358	1
3	1979	527.5	1
3	1983	529.119314796792	1
3	1989	533.16479915354	1
3	1995	534.5	1
3	2001	537.512739412536	1
3	2006	539.5	1
3	2010	540.539503661113	1
3	2017	542	1
3	2019	542.154330455595	1
3	2025	543.791472235876	1
3	2032	546.33747704692	1
3	2034	546.5	1
3	2040	548	1
3	2042	548.5	1
3	2051	550.5	1
3	2061	551.88705534224	1
3	2065	552	1
3	2071	553	1
3	2079	554	1
3	2084	554.5	1
3	2086	555	1
3	2097	556.326351275577	1
3	2101	556.5	1
3	2105	557.5	1
3	2111	558.5	1
3	2115	559	1
3	2117	559.5	1
3	2122	560	1
3	2124	561	1
3	2130	563	1
3	2134	565	1
3	2142	570	1
3	2149	572	1
3	2157	573.209176194501	1
3	2162	573.813473877255	1
3	2164	574.215847088536	1
3	2171	577.992284825805	1
3	2178	579	1
3	2179	579	1
3	2197	586.819513979846	1
3	2199	587	1
3	2204	588.544946004554	1
3	2211	590	1
3	2213	590.989992476338	1
3	2223	593.524185634829	1
3	2226	594.038731001339	1
3	2235	595.756355868686	1
3	2238	596.090362287279	1
3	2246	597.858197425699	1
3	2250	598.496072435017	1
3	2255	599	1
